- 997,-

1111511111111111111111111111111111111111111111)
1151111111111111111111 1111111111511111 9922:
9992293'52191' 11, ··. ψ ιι. ., cimini
91:9;‹...;1 ,99212 1. ,1 -

111, 119 11 CAPUTSECUNDHM .,ε.·...· ,,ζ.“. 1;.;·,.ἷ1,

,11116111 11ιὲ,1.1 .“

,111 1111111111 11111111 ’,111111 1111111 1111111111, 9991'99‘95*

11, ¹²·³1;33,· «

99999999 5999 temporibus 9 1115111111 19 1111 959-
111111111111111111111111111111111111 theologica 111151, 15111
(1111111111) Ω111111 iuud9m999c, quibusve 1111115111 ,1,11,

1111111111 1111111, (11111111 999999, 111111 11111 11, 1111111111 ,

11111111 1151111111 111111 1111111511 1111511 1111111111
1111111111, ,1111111111 1ε,11,1111111,1,1111 9999999 11111111
11111111, 1 ,1111111 11111111111111111 1111111111111111111111 ,
115111 909 99¹ 11 Symmacho 11 1511111111 99 catholicis 11111 ,
11111 99999 99999 59909598 (999 479591919 ocio, 99 611
siodcrus (·1- circ 561111111111111Ε11111111,1111 511
8 11111111 11111525), 1111111111 episcopus, 1111 ,111111 111151
1111111111, (59999 1111111111, 511111 1111111111 1111111111

111111, ,1111111111 (·1, ,56511 11 8 (1111111111 Magnus
1516, ,590111111111111111 (1161111111 8111111151 1111 99
1111111111111 1111111111 Ε11151 111111 111111, 11
9999993 15811, 111111 latericia 111111 9 Turris Bociu, 1,.15
999, 1111, 11111111 11111111, 11511111111111 venerandus 99
Boetius 1111111111 Ecclesia 51111111Μ111111, 111111 151, 1151151
1551511,1111111511,1111,1111111111111111111111111111111
imago. insculpitur cum 511 epigrammate 11 fide 5599
9999 ,01111 1111111111111111111 11111111111111 1111111111

 

